3 -3 3 -3 3 -3 3 -3 2 -2 -1 1 2 
3 1 1 -1 1 -2 -1 3 -2 3 -1 2 -2 
3 -1 3 -1 2 -2 -3 2 2 1 -1 -1 -1 3 -1 2 2 1 -3 -2 2 -1 3 2 -3 
3 -3 -1 2 3 2 1 3 -3 -1 2 3 -1 3 -2 -2 1 -3 -1 2 1 -3 3 -1 3 
3 1 -3 3 -2 2 -3 -2 -1 2 -2 3 -3 3 2 -2 -2 -3 3 2 -1 3 1 -3 3 -3 2 2 1 3 1 -1 3 -2 3 -2 -1 
3 3 -3 3 -1 1 -2 -1 3 1 2 -3 -1 1 -2 2 -2 1 -1 3 -1 -3 3 -2 -2 -2 2 2 -1 -2 -1 -2 2 -2 -2 -1 -2 
3 -1 2 -3 1 -1 -1 -1 -1 -2 -2 2 1 -3 3 -1 -1 2 -1 -2 -1 1 1 -1 1 1 -2 2 -3 -1 -2 -2 -2 2 -3 1 -3 -3 3 2 1 1 3 1 3 -1 1 -2 -3 
3 3 1 1 2 -3 2 -1 2 -2 2 1 1 3 -1 -3 1 2 1 2 -2 1 2 2 -1 2 1 -2 1 2 3 2 2 -2 2 1 1 1 -1 -2 -2 1 -2 2 1 -2 -1 -3 3 
16 5 -6 13 -14 -8 13 14 -13 -5 -2 6 15 -16 11 -2 13 15 -15 13 1 -12 -9 -7 -10 -10 -7 5 -15 -2 15 -9 -10 13 9 -10 7 6 -8 14 13 11 15 -12 -3 -12 11 -13 2 11 13 10 14 -15 16 -7 -8 -6 7 5 -2 
16 -1 -1 8 -16 5 -6 -10 -4 -15 -12 12 -2 12 -6 12 14 -3 -1 -5 -14 -15 9 11 13 8 -2 12 -15 12 -12 14 -8 -5 -10 -16 -12 -15 -2 1 -5 11 -8 9 16 -7 -7 -7 -9 11 7 8 -7 -6 14 -14 2 -11 4 -5 7 
19 -7 -18 5 2 -9 15 11 -16 3 -9 3 17 -8 8 4 -7 -10 10 19 -10 -18 -13 -13 14 -7 14 -7 18 -6 7 2 18 -13 12 -19 2 1 18 11 -7 -14 2 -11 12 -16 -13 17 -3 -4 -2 16 9 -1 8 -1 3 -8 -3 -15 -2 -4 12 -11 -7 -17 8 4 10 -13 3 -19 5 
19 4 14 -9 -4 9 -11 -5 13 3 8 -4 -8 -2 -2 14 5 -10 17 8 -15 -2 -11 14 -13 8 15 13 -19 -11 19 -6 -19 4 12 16 -1 7 10 15 -11 -16 -7 -3 7 -4 10 -7 13 -3 4 -11 8 -6 -8 9 9 -4 9 -9 -12 13 11 -6 9 10 -12 17 7 16 15 -19 12 
22 -21 -7 -2 -3 18 -21 4 17 -19 -21 -21 -12 20 -7 1 -16 -19 18 16 15 -20 2 -13 15 15 16 6 -11 10 3 -15 -8 11 -16 18 -2 -6 -10 5 -11 -6 19 15 -6 -20 17 -22 -18 -4 -22 12 -7 12 14 -19 15 -19 -2 7 -5 11 17 9 1 4 -3 22 1 14 -2 -18 2 14 16 20 10 12 -12 18 -2 3 -4 -17 -12 
22 10 -22 4 -4 12 -12 9 2 3 2 -12 8 -15 -16 8 19 9 -9 -18 -20 -20 -21 -17 -5 17 11 -20 15 8 -4 10 20 -11 12 4 10 -12 12 3 11 16 6 -15 3 19 -8 20 -9 -11 -10 16 7 -2 13 -21 -17 5 -6 2 -9 -7 -5 5 6 -11 -19 -8 22 -10 -22 -15 6 -3 10 -19 5 2 -1 -7 -4 -13 8 -3 6 
25 15 -18 17 -8 -19 -5 19 9 -17 -17 10 -13 -22 16 11 -10 18 22 3 13 -25 -25 23 -7 17 25 -6 7 15 5 25 -4 10 17 9 18 16 24 -5 -21 14 24 11 14 -18 7 -16 5 5 -4 -14 14 24 -20 -18 12 -23 9 -10 25 17 -21 -21 -18 10 -13 12 -6 -18 8 21 -3 -19 -7 1 -20 -4 -24 -21 11 4 11 14 11 2 -17 9 -6 -10 -19 3 -17 -16 14 -25 -15 
25 17 22 6 -12 -24 5 17 -3 -2 10 -15 -6 15 -4 -2 15 19 22 10 23 -22 -8 16 -7 -12 -12 -10 13 9 -1 -3 -9 19 21 12 -1 13 1 -9 -9 17 -8 -8 25 -25 -14 -13 -12 8 23 -7 -2 24 -2 -5 -2 -10 -21 7 -10 -18 23 -5 3 -23 -17 9 7 25 -23 12 -13 6 6 17 -6 -4 -21 2 -17 10 -2 16 -9 22 16 -20 -19 14 7 5 -11 -6 20 -25 8 
28 15 16 6 -6 -27 -6 3 -13 7 8 16 -27 -2 10 -13 21 -10 17 13 28 24 27 19 -1 26 27 1 -3 -5 23 -6 -16 -6 -11 -6 7 -26 9 20 24 10 -4 16 19 -2 -1 -15 -16 12 15 -16 6 -21 25 -22 22 5 -20 -20 -20 -23 -17 27 13 -3 17 12 24 -26 -16 22 27 18 2 11 6 6 -3 16 -16 4 -5 -23 16 -10 3 3 24 1 16 7 10 24 26 -24 7 11 -25 2 15 14 24 24 13 25 -13 27 18 
28 17 -25 17 -3 13 3 14 2 -25 -21 -23 -27 -18 -23 -2 -18 13 16 -10 -20 7 3 1 13 -6 -16 26 9 -21 24 -23 24 13 -15 -18 14 -5 -21 -15 -23 -4 10 21 11 18 17 11 15 -25 -1 -2 25 10 -25 -24 -9 -25 -7 18 8 -8 -14 -11 12 -20 -25 -27 -21 6 -13 21 21 19 -13 15 -22 19 -21 12 1 -11 13 1 26 4 -15 7 -2 -20 -12 20 2 27 7 5 -15 26 -5 -12 -7 -21 -26 -6 14 -7 -14 -27 25 
32 14 -18 19 31 26 -5 -31 -22 30 24 8 -23 -26 -15 -1 25 4 11 7 -15 28 -30 -22 21 -20 10 17 7 -1 21 -7 15 7 20 -32 28 -23 -22 18 -24 -14 14 16 5 -9 6 -5 28 -7 -3 -5 -19 24 18 18 20 -22 -24 32 -6 -29 13 4 29 -30 18 16 -23 -19 -12 26 4 27 -16 -19 27 18 -24 12 -29 1 27 23 -6 -11 -11 7 -21 -28 11 -3 25 24 19 19 3 18 -26 5 20 -12 9 -5 -29 7 19 -11 -22 24 17 3 11 -1 19 26 -32 -12 32 -17 24 
32 -21 -23 -16 4 -21 30 22 -7 -13 -11 13 -25 16 29 32 8 24 30 1 25 -26 -21 -6 8 21 26 30 -7 -28 24 -13 -9 -8 -3 19 30 10 -32 1 -16 -11 -19 -11 -2 -9 30 22 -31 1 1 -22 -5 -31 32 4 6 17 8 15 7 -9 -25 -27 25 30 25 22 -9 -8 30 -1 31 1 -3 4 32 7 -5 4 -15 -10 16 12 -20 26 -30 11 -30 25 24 -26 -10 28 9 -17 22 -9 5 8 -13 -32 5 -9 10 13 -13 4 11 -5 -32 23 -14 26 29 -17 17 -25 30 -19 -6 
35 12 -33 -30 -16 -1 -2 29 4 18 -12 -5 -15 23 10 -24 20 26 25 -7 -3 26 22 32 -22 -1 -14 -5 16 -9 -22 1 -20 -6 4 -4 -8 -15 -13 -10 -25 23 1 4 -7 -29 29 -27 -34 2 27 3 -35 21 15 14 -24 -34 -22 6 -7 -1 -13 23 -4 23 -31 -2 -15 -13 -28 -26 -12 -35 -10 -30 1 6 33 -4 -26 11 21 -22 -21 -20 35 -10 -34 16 17 23 -12 14 -3 -21 12 -26 -3 -16 34 -6 -32 -27 -32 -9 -7 13 -17 18 -10 13 -27 28 -11 35 -31 3 -29 20 5 -13 -30 -4 -5 21 -4 -10 29 11 -18 -18 19 
35 7 -1 27 6 -29 31 9 -8 10 27 -30 -18 -11 28 3 -35 -16 4 10 -6 35 13 -29 10 35 -31 -28 -2 -14 -26 -10 18 15 4 -15 16 -5 -2 1 -25 -21 13 18 -24 17 -23 23 -7 35 16 27 -1 -9 -12 -3 -25 -12 -27 5 8 -21 -27 -32 -25 -17 17 -33 -18 34 -32 11 -1 27 -27 -17 6 -4 29 28 -18 -20 -30 3 -13 1 12 15 12 7 30 -20 -34 -5 33 31 -3 -3 -22 8 -8 22 34 5 21 -13 13 6 -21 -11 19 -1 -20 -21 8 -5 -19 13 5 -35 -29 4 -24 27 8 15 -26 -13 -21 -11 32 10 -16 
38 -8 25 14 -2 24 32 24 12 35 -35 -24 -13 -19 -14 -3 3 -32 -15 -32 19 31 5 -8 -35 2 17 -16 -35 29 19 -17 29 -4 10 28 -38 -30 -5 31 4 -28 -32 -2 36 36 -25 -19 30 32 17 -2 34 -28 1 17 -31 -11 38 13 -13 36 36 25 10 37 27 -13 -28 -6 -38 35 34 -29 -29 38 -17 -5 33 30 -10 28 -7 -8 -29 2 -3 11 11 -9 -29 34 15 -22 6 -30 -11 9 9 30 4 24 1 -19 -25 21 -16 -34 23 2 35 -12 -32 11 27 -22 28 4 24 -8 3 -7 13 -24 -29 29 -2 33 13 12 10 -21 9 31 9 -37 4 -17 -27 36 27 30 27 -33 11 
38 -32 -6 -16 -5 -24 14 -23 2 33 -10 5 -38 14 15 15 26 -33 -4 9 11 16 -35 29 18 -34 -12 27 -10 30 -32 -29 -24 -27 -20 -8 27 2 -7 -36 -2 28 -35 -13 -11 10 23 23 11 4 -33 -31 14 -16 -19 -21 16 -25 -24 4 33 -6 -17 -7 -36 -13 15 -1 21 -30 -35 10 -24 -9 7 31 -12 21 -17 30 19 38 -3 37 -7 -16 -8 26 23 6 -20 32 -36 -34 -35 -22 3 24 -29 -28 -26 -18 5 -10 33 4 -10 -37 36 -38 34 -19 -34 29 22 -15 31 -36 -34 -14 25 31 1 26 20 11 -27 27 18 -10 28 13 37 10 -34 -26 -4 24 -19 18 -3 -7 34 35 -37 
0
