*Max Cliques in graphs in graphsDense.txt

(|V|,|E|) Cliques (size, ms used)
G1 (2, 2) [0] (1, 1ms)
G2 (2, 3) [0, 1] (2, 0ms)
G3 (4, 8) [1, 2, 3] (3, 0ms)
G4 (4, 7) [0, 3] (2, 0ms)
G5 (6, 9) [0, 4] (2, 0ms)
G6 (6, 16) [0, 2, 3, 5] (4, 0ms)
G7 (8, 17) [1, 3, 6] (3, 0ms)
G8 (8, 29) [0, 2, 3, 6] (4, 0ms)
G9 (10, 31) [5, 6, 8, 9] (4, 0ms)
G10 (10, 49) [0, 1, 3, 5, 8, 9] (6, 1ms)
G11 (12, 43) [2, 4, 8, 10] (4, 0ms)
G12 (12, 68) [1, 3, 4, 5, 6, 7, 10, 11] (8, 1ms)
G13 (14, 47) [1, 5, 7, 10] (4, 0ms)
G14 (14, 93) [0, 2, 4, 5, 6, 7, 10, 11, 13] (9, 0ms)
G15 (16, 54) [0, 3, 8] (3, 0ms)
G16 (16, 115) [0, 1, 4, 5, 6, 7, 8, 10, 12] (9, 0ms)
G17 (18, 82) [0, 1, 6, 9] (4, 0ms)
G18 (18, 133) [1, 2, 5, 9, 10, 13, 14, 16] (8, 0ms)
G19 (20, 105) [0, 1, 2, 6, 13] (5, 0ms)
G20 (20, 173) [3, 5, 6, 8, 9, 12, 14, 17, 18, 19] (10, 1ms)
G21 (22, 122) [0, 1, 4, 7] (4, 0ms)
G22 (22, 202) [1, 4, 5, 6, 11, 12, 13, 17, 18, 19] (10, 2ms)
G23 (24, 129) [1, 2, 8, 11] (4, 0ms)
G24 (24, 243) [0, 2, 3, 6, 7, 9, 10, 13, 16] (9, 4ms)
G25 (26, 152) [4, 5, 17, 20, 25] (5, 0ms)
G26 (26, 273) [0, 1, 2, 5, 9, 10, 12, 17, 22] (9, 3ms)
G27 (28, 175) [0, 4, 10, 12, 13, 17] (6, 0ms)
G28 (28, 322) [1, 2, 3, 12, 14, 15, 17, 18, 21, 22, 25, 26, 27] (13, 7ms)
G29 (30, 194) [4, 6, 14, 17, 23] (5, 0ms)
G30 (30, 380) [1, 2, 3, 7, 8, 11, 12, 17, 20, 24, 25, 28] (12, 17ms)
G31 (32, 228) [0, 7, 11, 20, 29] (5, 1ms)
G32 (32, 451) [1, 3, 4, 5, 6, 7, 10, 11, 13, 15, 16, 20, 27] (13, 73ms)
G33 (34, 275) [0, 1, 10, 14, 27] (5, 1ms)
G34 (34, 476) [0, 2, 3, 5, 7, 11, 12, 14, 16, 26, 27, 28, 32] (13, 36ms)
G35 (36, 308) [1, 6, 9, 21, 28, 31] (6, 0ms)
G36 (36, 535) [0, 6, 8, 9, 14, 19, 20, 22, 26, 27, 34, 35] (12, 51ms)
G37 (38, 331) [3, 10, 18, 21, 25, 34] (6, 1ms)
G38 (38, 596) [0, 1, 3, 5, 6, 8, 10, 11, 17, 19, 30, 34, 35] (13, 76ms)
G39 (40, 373) [1, 7, 12, 15, 28, 37] (6, 0ms)
G40 (40, 673) [0, 2, 9, 10, 14, 20, 22, 23, 25, 35, 36, 37, 39] (13, 198ms)
G41 (42, 388) [2, 6, 7, 11, 20, 23] (6, 1ms)
G42 (42, 737) [3, 10, 11, 15, 21, 23, 24, 27, 28, 29, 31, 34, 35, 38] (14, 260ms)
G43 (44, 407) [0, 1, 7, 21, 34, 36] (6, 0ms)
G44 (44, 791) [0, 1, 2, 3, 15, 17, 18, 23, 29, 34, 35, 39, 41] (13, 201ms)
G45 (46, 439) [9, 16, 25, 31, 41, 45] (6, 1ms)
G46 (46, 862) [0, 3, 5, 6, 8, 9, 12, 14, 16, 28, 33, 37, 39, 44] (14, 450ms)
G47 (48, 514) [7, 11, 13, 15, 23, 26, 38] (7, 1ms)
G48 (48, 962) [0, 2, 7, 8, 14, 21, 26, 29, 32, 36, 37, 40, 41, 45, 47] (15, 1091ms)
G49 (50, 538) [0, 9, 11, 16, 31, 43] (6, 1ms)
G50 (50, 1015) [1, 2, 8, 9, 12, 16, 19, 21, 31, 32, 38, 40, 44, 46] (14, 745ms)
G51 (52, 593) [0, 14, 21, 26, 29, 34, 39] (7, 2ms)
G52 (52, 1089) [1, 2, 3, 13, 18, 22, 27, 28, 31, 32, 37, 41, 46, 47] (14, 1317ms)
G53 (54, 647) [5, 9, 10, 11, 19, 37, 39, 41] (8, 2ms)
G54 (54, 1181) [3, 10, 12, 14, 23, 27, 28, 29, 31, 32, 37, 40, 48, 50] (14, 1222ms)
G55 (56, 668) [1, 15, 22, 28, 29, 33, 35] (7, 3ms)
G56 (56, 1261) [1, 4, 12, 19, 21, 22, 24, 26, 27, 30, 32, 35, 39, 45, 50, 53] (16, 1968ms)
G57 (58, 718) [10, 19, 21, 22, 27, 31, 51] (7, 2ms)
G58 (58, 1368) [0, 3, 12, 15, 18, 25, 28, 29, 37, 42, 43, 47, 49, 51, 56] (15, 3356ms)
G59 (60, 750) [3, 4, 10, 32, 33, 36, 48] (7, 3ms)
G60 (60, 1463) [11, 13, 14, 17, 19, 20, 26, 32, 35, 37, 43, 44, 47, 48, 51, 56] (16, 4961ms)
