*Max Independent Sets in graphs in graphs.txt

(|V|,|E|) Independent Set (size, ms used)
G1 (2, 2) [0, 1] (2, 1ms)
G2 (2, 2) [0, 1] (2, 0ms)
G3 (4, 5) [0, 1, 2] (3, 0ms)
G4 (4, 5) [0, 1, 3] (3, 0ms)
G5 (6, 8) [0, 1, 2, 5] (4, 1ms)
G6 (6, 11) [1, 2, 3, 4] (4, 0ms)
G7 (8, 14) [0, 1, 2, 3, 6] (5, 0ms)
G8 (8, 22) [0, 5, 6, 7] (4, 0ms)
G9 (10, 18) [0, 3, 4, 5, 7, 9] (6, 1ms)
G10 (10, 23) [1, 3, 5, 6, 7] (5, 0ms)
G11 (12, 23) [0, 2, 4, 5, 6, 8, 9, 10] (8, 0ms)
G12 (12, 35) [0, 4, 5, 9, 10] (5, 0ms)
G13 (14, 29) [1, 3, 4, 5, 7, 9, 11] (7, 1ms)
G14 (14, 51) [0, 2, 5, 7, 13] (5, 0ms)
G15 (16, 37) [0, 1, 2, 3, 6, 10, 11, 13] (8, 1ms)
G16 (16, 69) [0, 1, 3, 5, 13] (5, 0ms)
G17 (18, 54) [1, 4, 5, 6, 10, 12, 16, 17] (8, 1ms)
G18 (18, 72) [1, 3, 5, 10, 11, 15] (6, 0ms)
G19 (20, 60) [0, 1, 2, 3, 7, 10, 14, 19] (8, 1ms)
G20 (20, 83) [1, 6, 7, 10, 11, 13, 15, 17, 19] (9, 0ms)
G21 (22, 65) [0, 1, 2, 5, 6, 7, 9, 12, 17, 18] (10, 2ms)
G22 (22, 113) [0, 3, 6, 7, 8, 9, 13, 16] (8, 1ms)
G23 (24, 75) [1, 3, 7, 8, 9, 12, 17, 19, 20, 22] (10, 4ms)
G24 (24, 139) [0, 2, 12, 13, 20, 22] (6, 0ms)
G25 (26, 90) [1, 2, 5, 6, 7, 9, 10, 14, 17, 22, 24] (11, 6ms)
G26 (26, 152) [0, 2, 3, 4, 17, 21, 24] (7, 1ms)
G27 (28, 95) [0, 1, 4, 6, 7, 10, 12, 14, 15, 16, 20] (11, 12ms)
G28 (28, 160) [0, 3, 6, 9, 14, 17, 18, 19] (8, 1ms)
G29 (30, 121) [2, 3, 4, 6, 9, 10, 19, 22, 23, 25, 26, 29] (12, 12ms)
G30 (30, 205) [0, 4, 5, 6, 8, 9, 12] (7, 1ms)
G31 (32, 142) [2, 3, 7, 8, 10, 12, 13, 14, 20, 21, 22, 23] (12, 22ms)
G32 (32, 226) [0, 4, 8, 11, 16, 17, 22, 27] (8, 2ms)
G33 (34, 146) [0, 2, 4, 6, 7, 8, 15, 16, 18, 23, 27, 31, 32] (13, 39ms)
G34 (34, 266) [4, 9, 15, 20, 22, 23, 27, 29] (8, 1ms)
G35 (36, 163) [0, 5, 6, 10, 13, 17, 20, 22, 24, 25, 27, 32, 33] (13, 53ms)
G36 (36, 282) [0, 3, 4, 7, 11, 13, 14, 23] (8, 3ms)
G37 (38, 190) [0, 1, 3, 5, 7, 10, 14, 21, 23, 25, 26, 30] (12, 74ms)
G38 (38, 304) [0, 2, 5, 13, 19, 23, 28, 30, 34] (9, 4ms)
G39 (40, 213) [0, 1, 5, 6, 10, 12, 16, 21, 31, 33, 36, 37, 38] (13, 85ms)
G40 (40, 356) [1, 7, 13, 15, 19, 22, 27] (7, 3ms)
G41 (42, 213) [3, 4, 5, 7, 8, 11, 17, 21, 26, 27, 28, 29, 32] (13, 189ms)
G42 (42, 382) [2, 3, 9, 13, 18, 24, 25, 28, 37] (9, 6ms)
G43 (44, 230) [1, 2, 5, 6, 7, 11, 12, 21, 23, 25, 26, 28, 35, 39] (14, 366ms)
G44 (44, 409) [0, 2, 4, 8, 17, 22, 39, 40, 42] (9, 10ms)
G45 (46, 234) [0, 2, 5, 9, 11, 12, 16, 17, 24, 26, 27, 28, 38, 41] (14, 750ms)
G46 (46, 478) [1, 4, 7, 12, 16, 18, 32, 33, 43] (9, 8ms)
G47 (48, 265) [8, 10, 11, 14, 15, 16, 22, 24, 25, 27, 31, 33, 34, 35, 46] (15, 828ms)
G48 (48, 533) [5, 10, 15, 16, 22, 31, 35, 43] (8, 6ms)
G49 (50, 312) [4, 6, 8, 15, 16, 17, 19, 21, 29, 30, 31, 33, 34, 47, 49] (15, 888ms)
G50 (50, 559) [1, 2, 4, 10, 20, 24, 31, 33, 37] (9, 14ms)
G51 (52, 321) [0, 3, 12, 21, 22, 27, 28, 30, 31, 37, 38, 41, 45, 47, 50] (15, 1341ms)
G52 (52, 565) [0, 2, 3, 6, 15, 17, 24, 36, 44] (9, 20ms)
G53 (54, 349) [2, 3, 5, 11, 16, 17, 18, 19, 24, 25, 29, 30, 35, 43, 52] (15, 1989ms)
G54 (54, 655) [2, 9, 16, 21, 23, 25, 35, 50, 51] (9, 16ms)
G55 (56, 350) [0, 3, 5, 6, 8, 9, 13, 14, 27, 30, 32, 45, 46, 48, 51] (15, 4192ms)
G56 (56, 684) [0, 5, 12, 13, 14, 27, 39, 41, 51] (9, 26ms)
G57 (58, 400) [0, 6, 13, 17, 18, 20, 23, 27, 32, 33, 37, 43, 47, 54, 57] (15, 3906ms)
G58 (58, 693) [1, 6, 16, 27, 30, 31, 37, 45, 57] (9, 43ms)
G59 (60, 402) [1, 6, 10, 11, 12, 17, 19, 22, 23, 31, 33, 36, 38, 41, 44, 48, 49, 55] (18, 8355ms)
G60 (60, 762) [0, 4, 7, 8, 11, 24, 27, 36, 52, 57] (10, 52ms)
